362.2	388.5	
391.86	446.5	
442.08	432.06	
444.9	490.66	
443.08	468.52	
477	451.64	
472.5	467.46	
420.56	399.4	
398.82	383.72	
356.18	372.82	
370.82	365.96	
343.22	308.3	
331.1	284.24	
303.9	272.12	
263.04	277.52	
229.12	244.48	
220.64	240.2	
219.5	212.84	
225.72	189.24	
214.12	176.2	
196.22	157.1	
184.56	166.72	
189.46	176.8	
173.72	177.88	
163.3	204.48	
163.94	176.28	
169.54	179.16	
162.82	158.88	
164.74	160.78	
160.48	175.94	
167.26	166.72	
171.52	161.24	
162.18	157.72	
151.7	162.46	
157.78	148.3	
154.42	146.3	
152.9	149.64	
149.88	159.18	
161.32	147.82	
152.72	151.74	
161.8	153.6	
159.12	159.48	
178.24	162.26	
178.36	143.14	
144.34	151.14	
158.04	168.88	
175.7	160.34	
154	168.54	
153.24	167.2	
155.48	171.14	
161.32	155.38	
145.12	151.28	
146.06	147.56	
157.1	162.34	
149.26	142.7	
132.42	162.06	
150.68	151.42	
150.92	149.96	
139.38	159.68	
138.44	148.6	
149.82	148.08	
136.28	138.36	
148.2	145.04	
130.82	123.2	
130.94	139.62	
136.42	138.7	
129.78	143.28	
129.32	150.92	
123.4	145.58	
131.68	157.92	
136.7	149.58	
148.56	150.38	
115.58	151.34	
136.32	147.26	
143.88	147.88	
132.18	144.94	
132.1	146.26	
126.54	158.42	
134.84	149.8	
131.84	160.96	
131.92	145.48	
147.64	145.36	
145.44	143.8	
140.8	146.08	
127.28	138.5	
131.06	142.78	
144.78	150.76	
139.5	150	
129.12	140.62	
131.8	130.56	
152.24	144.58	
140.06	124.4	
141.46	141.4	
142.12	145.98	
145.84	140.62	
148.34	151.88	
153.22	160.7	
137.96	160.3	
151.86	150.34	
150.16	143.66	
141.22	149.72	
152.68	149.64	
148.02	142.9	
147.82	138.16	
157.66	142.76	
146.7	138.74	
157.24	135.48	
148.46	153.44	
141.46	153.9	
141.7	145.04	
128.14	150.72	
142.82	147.66	
140.28	152.1	
137.4	152.26	
137.96	151.24	
131.9	145.72	
132.02	143.1	
129.64	160.92	
138.58	161.66	
121.64	164.04	
144.04	148.4	
140.38	143.44	
143.66	157.16	
145.5	145.74	
158.66	149.88	
148.92	150.5	
129.78	153.6	
120.62	152.46	
130.34	164.12	
152.5	154.72	
140.88	152.76	
139.82	141.7	
137.32	155.24	
148.28	151.34	
142.56	146.44	
139.42	153.1	
136.82	146.06	
151.2	147.84	
136.32	153.04	
139.56	159.1	
150.2	158	
154.08	159.72	
140.32	157.64	
146.7	153.86	
140.42	157.28	
146.64	133.06	
141.6	142.98	
135.16	144.96	
143.28	158.76	
144.44	149.94	
128.42	159.94	
133.42	158.56	
135.96	163.14	
139.18	159	
134.1	158.54	
132.44	137.8	
123.8	148.68	
135.28	151.12	
154.84	155.46	
140.78	159.32	
147.1	139.78	
134.98	137.46	
144.8	147.28	
138.38	145.62	
139.1	146.12	
130.08	151.26	
136.12	143.62	
150.38	149.4	
143.5	154.54	
135.96	135.54	
151.92	161.78	
136.5	146.32	
141.56	151.82	
142.6	151.24	
138.4	155.18	
143.12	161.42	
135.12	157.8	
138.54	148.12	
155.3	153.78	
147.32	147.96	
154.06	148.9	
161.64	160	
157.54	168.54	
157.3	168.08	
150.6	161.12	
147.54	155.88	
161	147	
154.18	144.94	
152.96	142.72	
157.58	129.88	
155.58	150.76	
166.24	145.62	
154.22	128.62	
154.62	153.08	
140.32	145.72	
150.96	144.2	
166.18	127.06	
149.56	137.74	
151.04	140.8	
151.3	143.52	
153.12	139.72	
148.92	150.22	
140.48	145.08	
157.32	131.08	
142.28	148.28	
141.94	133.66	
153.7	155.06	
156.46	128.64	
138.56	148.06	
140.26	153.9	
141.34	159.26	
157.94	140.2	
140.78	145.58	
155.94	151.6	
149.7	148.26	
146.08	146.16	
150.36	150.7	
139.72	159.56	
143	147.42	
143.4	153.74	
142.62	162.4	
149.7	170.26	
144.3	159.36	
152.72	151.3	
153.28	136.18	
146.8	143.54	
144.56	159.6	
142.62	159.66	
162.42	143.04	
150.58	139.44	
148.42	143.64	
143.1	153.6	
148.38	138.74	
158.08	140.08	
155.82	147	
152.5	147.18	
158.6	154.72	
151.42	147.74	
153.64	148.6	
146.24	149.52	
137.42	155	
131.24	152.62	
142.46	141.88	
143.66	156.72	
140.72	158.7	
125.7	166.84	
132.34	147.28	
136.1	152.54	
133.02	143.54	
141.3	140.9	
148.32	165.84	
139.04	143.72	
144.44	150.18	
143.78	147.36	
137.38	150.46	
152.2	139.32	
150.16	151.06	
134.56	156.62	
144.04	118.44	
132.82	142.76	
128.92	138.72	
142.98	140.62	
140.88	146.26	
152.4	144.36	
133.2	139.3	
148.24	138.74	
144.54	146.38	
147.2	139.06	
149.84	151.72	
143.38	158.34	
150.94	142.66	
134	153.8	
150.46	149	
139.86	138.3	
143.04	158.04	
141.78	158.76	
140.92	158.78	
138.3	164.16	
135.72	161.36	
133.06	168.76	
134.26	154.68	
133.06	165.1	
126.88	166.3	
144.72	142.38	
121.94	178.52	
127.02	142.02	
117.42	140.96	
128.46	142.2	
134.64	142.52	
129.42	136.38	
130.26	153.82	
150.02	141.76	
137.92	136.86	
132.68	159.66	
144.4	147.72	
150.56	154	
135.14	151.7	
132.4	141.12	
154.36	146.48	
149.24	141.36	
144.78	141.3	
146.76	139.68	
142.74	129.32	
147.96	148.46	
144.76	129.52	
140.68	159.8	
139.74	133.22	
137.98	120.88	
148.12	144.44	
151.3	139.02	
144.34	126.4	
150.8	138.78	
154.26	137.5	
143.88	141.36	
161.26	131.7	
172.86	136.46	
161.44	138.52	
153.44	128.68	
164.1	139	
153.12	137.54	
147.28	136.34	
150.4	134.48	
152.16	148.96	
142.86	161.46	
146.92	140.82	
160.34	140.18	
154.48	133.14	
154.56	135.42	
145.3	119.9	
147.52	141.06	
160.52	148.88	
149.66	138.46	
140.6	137.6	
144.18	151.34	
153.74	153.72	
138.08	119.48	
157.84	134.88	
148.76	140.7	
135.8	146.7	
141.12	146.8	
145.4	148.52	
152.3	146.64	
141.26	145.96	
148.46	137.54	
156.54	137.18	
164.74	155.42	
149.8	153.92	
162.78	156.4	
153.84	154.48	
149.78	154.4	
155.22	147.1	
141.44	139.14	
151.54	132.46	
158.82	136.88	
137.46	144.04	
150.14	142.38	
151.2	133.74	
143.24	142.28	
150.56	127.54	
142.12	158.02	
157.96	139.24	
149.48	148.92	
149.72	152.24	
136.18	138.88	
139.18	146.78	
148.6	146.46	
152.34	143.88	
155.4	146.08	
142.86	134.94	
147.06	134.52	
151.62	132.76	
149.96	140.1	
155.84	132.84	
149.04	150.44	
149.76	133.48	
152.2	134	
146.94	138.64	
138.32	144.18	
144.62	154.76	
139.38	139.88	
137.12	152.34	
145.2	148.54	
132.5	138.66	
146.7	147.18	
139.06	139.16	
149.6	142.8	
131.96	139.38	
135.04	148.8	
132.52	157.82	
133.66	132.56	
147.78	153.14	
144.14	151.12	
142.66	148.08	
144.24	127.64	
138.54	156.54	
148.72	155	
133.4	143.02	
144.26	151.34	
152.02	158.74	
135.06	165	
144.96	135.86	
149.9	146.46	
140.94	163.66	
152.8	151.64	
139.38	149.44	
139.26	150.02	
144.88	138.74	
139.52	144.5	
137.54	182.2	
150.28	160.04	
139.7	153	
147.02	156.64	
136.32	148.04	
138.5	143.38	
126.8	158.92	
137.48	153.14	
134.98	139.92	
136.32	146.62	
133.74	146.4	
152.08	145.34	
130.18	149.46	
140.96	156.82	
135.74	156.42	
142.2	148.36	
141.78	144.26	
142.82	152.64	
128.82	142.1	
141.8	153.74	
161.18	145.78	
166.9	152.44	
163.92	144.42	
167.92	148.38	
174.34	139.3	
145.9	134.04	
160.74	139.82	
163.42	157.08	
164.42	145.96	
146.42	143.74	
173.84	141.64	
159.32	144.82	
170.42	135.6	
149.8	140.7	
155.78	137.92	
151.96	126.28	
159.98	154.98	
148.32	141.08	
143.32	158.62	
150.06	157.24	
146.54	159.62	
138.38	164.86	
167.12	162.14	
153.74	147.84	
140.96	161.14	
142.88	151.58	
138.82	139.2	
136.4	158.32	
141.48	159.86	
126.5	154.46	
142.54	165.86	
135.14	156.4	
143.5	153.34	
147.86	146.36	
139.98	152.82	
161.26	143.2	
147.94	138.46	
144.02	136.68	
157.64	136.54	
149.64	136.42	
163.46	142.22	
157.74	139.66	
149.34	140.8	
152.88	130.9	
160.36	151.62	
158.3	135.58	
145.4	151.32	
160.38	153.84	
162.3	136.92	
157.8	147.56	
157.26	141.42	
160.78	142.24	
150.34	144.12	
158.02	128.32	
149.08	137.08	
153.9	154.2	
155.22	144.72	
144	141.7	
158.84	141.7	
154.68	144.22	
145.88	132.24	
154.3	155.22	
149.94	124.6	
150.34	132.86	
165.56	144.38	
157.08	137.16	
154.86	142.44	
157.64	138.3	
146.78	149.88	
152.14	133.2	
153.02	128.04	
